1 -0.010155 0.00307646
2 -0.0206106 0.0062626
3 0.0524261 -0.0157113
4 0.138701 -0.0417604
5 0.0987852 -0.0300226
6 0.0944376 -0.0288316
7 0.0779177 -0.0239692
8 0.0399405 -0.0126239
9 -0.00435667 0.000670462
10 -0.121457 0.0359464
11 -0.199533 0.0596084
12 -0.115094 0.0344148
13 0.0574538 -0.0174183
14 0.254513 -0.0768414
15 0.382581 -0.115721
16 0.363281 -0.110803
17 0.385739 -0.118003
18 0.394125 -0.120992
19 0.341554 -0.10563
20 0.207329 -0.0656119
21 -0.00388956 -0.00224153
22 -0.240088 0.068906
23 -0.457336 0.134629
24 -0.610109 0.181193
25 -0.689752 0.205914
26 -0.760977 0.228195
27 -0.781307 0.235231
28 -0.717836 0.217051
29 -0.584652 0.177798
30 -0.34106 0.105129
31 0.0327152 -0.00704249
32 0.404854 -0.11917
33 0.573014 -0.170305
34 0.618411 -0.184667
35 0.572243 -0.171503
36 0.475489 -0.143618
37 0.420535 -0.127636
38 0.188542 -0.0582649
39 -0.108785 0.0310639
40 -0.38166 0.113384
41 -0.567549 0.169832
42 -0.6331 0.190257
43 -0.585838 0.176781
44 -0.384122 0.116728
45 -0.0300557 0.0105078
46 0.362428 -0.108107
47 0.600697 -0.179588
48 0.76407 -0.229517
49 0.821031 -0.24759
50 0.806845 -0.244302
51 0.69044 -0.21021
52 0.424713 -0.131001
53 0.0080091 -0.00599963
54 -0.37579 0.109591
55 -0.649489 0.19248
56 -0.787548 0.234843
57 -0.85482 0.25605
58 -0.871707 0.262162
59 -0.711887 0.215071
60 -0.520917 0.158405
61 -0.286431 0.0884026
62 0.0281599 -0.00600835
63 0.300266 -0.0880005
64 0.484382 -0.143817
65 0.549215 -0.163925
66 0.652737 -0.195765
67 0.712636 -0.213735
68 0.754917 -0.227325
69 0.791032 -0.239109
70 0.747578 -0.22697
71 0.610382 -0.186544
72 0.339219 -0.105602
73 -0.048043 0.0106345
74 -0.349571 0.101513
75 -0.545996 0.161095
76 -0.696505 0.207084
77 -0.781664 0.233569
78 -0.847414 0.254311
79 -0.874224 0.263403
80 -0.855767 0.257866
81 -0.775171 0.234618
82 -0.598535 0.182345
83 -0.348189 0.107659
84 -0.0491254 0.0179989
85 0.2315 -0.0664666
86 0.448587 -0.132131
87 0.590228 -0.175332
88 0.678623 -0.202664
89 0.772489 -0.231751
90 0.870192 -0.262106
91 0.786427 -0.238864
92 0.746079 -0.227655
93 0.73942 -0.226545
94 0.730162 -0.224644
95 0.716659 -0.220592
96 0.704526 -0.217798
97 0.700497 -0.216589
98 0.699264 -0.217059
99 0.694883 -0.215744
100 0.563919 -0.177808
101 0.420554 -0.135808
102 0.567266 -0.180503
103 0.708807 -0.222965
104 0.676156 -0.213981
105 0.736015 -0.232822
106 0.730611 -0.232078
107 0.577486 -0.186833
108 0.484577 -0.15896
109 0.410521 -0.137236
110 0.366309 -0.124412
111 0.320418 -0.111029
112 0.263557 -0.0942872
113 0.192628 -0.0732399
114 0.128447 -0.0541395
115 0.0659451 -0.0354681
116 0.0133634 -0.0197097
117 -0.0291136 -0.00693163
118 -0.0552492 0.000975359
119 -0.0719756 0.00599329
120 -0.0794148 0.00832033
121 -0.0817853 0.00912963
122 -0.0810802 0.00911268
123 -0.0790481 0.00859791
124 -0.0763808 0.00798104
125 -0.0701285 0.0061895
126 -0.0656623 0.00484963
127 -0.0608125 0.00346769
128 -0.0610127 0.00360094
129 -0.0612257 0.00366485
130 -0.0614939 0.00374531
131 -0.0584755 0.00290996
132 -0.0584755 0.00290996
133 -0.0584755 0.00290996
134 -0.0585478 0.00293166
135 -0.0585478 0.00293166
136 -0.0585478 0.00293166
137 -0.0585478 0.00293166
138 -0.0586161 0.00295215
139 -0.0586161 0.00295215
140 -0.0586161 0.00295215
141 -0.0586963 0.0029762
142 -0.0586963 0.0029762
143 -0.0586963 0.0029762
144 -0.0586963 0.0029762
145 -0.0587751 0.00299983
146 -0.0587751 0.00299983
147 -0.0587751 0.00299983
148 -0.0588502 0.00302236
149 -0.0588502 0.00302236
150 -0.0588502 0.00302236
151 -0.0588502 0.00302236
152 -0.0589079 0.00303968
153 -0.0589079 0.00303968
154 -0.0589079 0.00303968
155 -0.0589079 0.00303968
156 -0.0589449 0.00305077
157 -0.0589449 0.00305077
158 -0.0589449 0.00305077
159 -0.0589693 0.0030581
160 -0.0589693 0.0030581
161 -0.0589693 0.0030581
