1 -2.26176 0 0.482316
2 -2.15322 0 0.463829
3 -0.361551 0 0.087941
4 -1.57035 0 0.343359
5 -1.82139 0 0.39972
6 -1.1237 0 0.254328
7 -1.35438 0 0.304127
8 -1.58165 0 0.353434
9 -1.34611 0 0.305317
10 -1.28199 0 0.293134
11 -1.49296 0 0.33893
12 -1.37618 0 0.315783
13 -1.30575 0 0.302298
14 -1.34963 0 0.312864
15 -1.42941 0 0.331045
16 -1.30411 0 0.307341
17 -1.30512 0 0.308858
18 -1.38745 0 0.327536
19 -1.31018 0 0.31262
20 -1.3132 0 0.314566
21 -1.31943 0 0.317194
22 -1.42541 0 0.340876
23 -1.2442 0 0.304065
24 -1.44577 0 0.347841
25 -1.28263 0 0.314864
26 -1.21842 0 0.302598
27 -1.34634 0 0.330809
28 -1.24789 0 0.311382
29 -1.29895 0 0.323403
30 -1.2898 0 0.322771
31 -1.23925 0 0.313395
32 -1.28739 0 0.324792
33 -1.23873 0 0.315813
34 -1.24697 0 0.318789
35 -1.23375 0 0.317246
36 -1.24626 0 0.322366
37 -1.20836 0 0.315616
38 -1.25419 0 0.326495
39 -1.23337 0 0.323355
40 -1.16643 0 0.310465
41 -1.23251 0 0.325574
42 -1.22388 0 0.324984
43 -1.18875 0 0.318796
44 -1.22437 0 0.327501
45 -1.17844 0 0.317856
46 -1.2177 0 0.328536
47 -1.16201 0 0.316841
48 -1.20711 0 0.327519
49 -1.17961 0 0.322924
50 -1.18732 0 0.325731
51 -1.17342 0 0.323985
52 -1.13642 0 0.317352
53 -1.22324 0 0.336807
54 -1.14948 0 0.322466
55 -1.12687 0 0.318845
56 -1.20573 0 0.336612
57 -1.13619 0 0.323145
58 -1.1104 0 0.318839
59 -1.16043 0 0.330505
60 -1.1538 0 0.330268
61 -1.14477 0 0.329515
62 -1.10368 0 0.321991
63 -1.13023 0 0.328697
64 -1.17902 0 0.34012
65 -1.08581 0 0.321633
66 -1.09853 0 0.325403
67 -1.18325 0 0.343194
68 -1.09982 0 0.326773
69 -1.10023 0 0.32796
70 -1.11498 0 0.332172
71 -1.09768 0 0.329636
72 -1.08853 0 0.328803
73 -1.07109 0 0.326213
74 -1.11909 0 0.337412
75 -1.07057 0 0.328292
76 -1.09592 0 0.334712
77 -1.09377 0 0.335356
78 -1.05987 0 0.329295
79 -1.08735 0 0.336154
80 -1.05621 0 0.329613
81 -1.06791 0 0.33314
82 -1.06382 0 0.333343
83 -1.06685 0 0.335047
84 -1.05812 0 0.334271
85 -1.05816 0 0.335339
86 -1.0378 0 0.332102
87 -1.04991 0 0.335695
88 -1.08832 0 0.344849
89 -0.0837361 0 0.133969
90 -0.643764 0 0.252219
91 -0.846979 0 0.296588
92 -0.533514 0 0.231294
93 -0.428686 0 0.209709
94 -0.54196 0 0.234038
95 -0.64026 0 0.254681
96 -0.544351 0 0.235085
97 -0.39263 0 0.203223
98 -0.558495 0 0.238613
99 0.422085 0 0.0326915
100 -1.88448 0 0.520839
101 -1.36953 0 0.415438
102 -0.457667 0 0.224405
103 -0.896885 0 0.316641
104 -1.21632 0 0.384939
105 -1.09214 0 0.359952
106 -0.882996 0 0.316916
107 -1.00488 0 0.343516
108 -1.01902 0 0.346485
109 -0.959081 0 0.334858
110 -0.968585 0 0.337822
111 -0.977256 0 0.34062
112 -0.979805 0 0.342135
113 -0.95877 0 0.338677
114 -0.96153 0 0.340218
115 -0.951063 0 0.338971
116 -0.952118 0 0.340144
117 -0.972415 0 0.345379
118 -0.939104 0 0.339323
119 -0.929322 0 0.337269
120 -0.92637 0 0.337575
121 0.0588857 0 0.130613
122 -0.588631 0 0.267768
123 -0.360086 0 0.220134
124 -0.564912 0 0.264277
125 -0.416026 0 0.233427
126 -0.511983 0 0.253578
127 -0.482366 0 0.247841
128 -0.466983 0 0.245078
129 -0.410225 0 0.233158
130 -0.412231 0 0.23358
131 0.479166 0 0.0459072
132 0.479166 0 0.0459072
133 0.479166 0 0.0459072
134 0.462959 0 0.0493107
135 0.462959 0 0.0493107
136 0.462959 0 0.0493107
137 0.462959 0 0.0493107
138 0.475131 0 0.0467545
139 0.475131 0 0.0467545
140 0.475131 0 0.0467545
141 0.468724 0 0.0480999
142 0.468724 0 0.0480999
143 0.468724 0 0.0480999
144 0.468724 0 0.0480999
145 0.472403 0 0.0473274
146 0.472403 0 0.0473274
147 0.472403 0 0.0473274
148 0.448214 0 0.0524071
149 0.448214 0 0.0524071
150 0.448214 0 0.0524071
151 0.448214 0 0.0524071
152 0.32646 0 0.0779755
153 0.32646 0 0.0779755
154 0.32646 0 0.0779755
155 0.32646 0 0.0779755
156 0.192891 0 0.106025
157 0.192891 0 0.106025
158 0.192891 0 0.106025
159 0.135695 0 0.118036
160 0.135695 0 0.118036
161 0.135695 0 0.118036
